
%1 2 3 4 5 6 7 8 9 0 - = <-
%tab q w e r t y u i o p [ ] \
%caps a s d f g h j k l ; ' enter
%shift z x c v b n m , . / shift
%space

imageLoc = [900, 73, 23;
    901 123, 23;
    902 171 23;
    903 220 23;
    904 268 23;
    905 318 23;
    906 366 23;
    907 414 23;
    908 464 23;
    909 513 23;
    910 561 23;
    911 611 23;
    912 672 23;

    
    
    


LETTER_A(400)
      LETTER_B(401)
      LETTER_C(402)
      LETTER_D(403)
      LETTER_T(404)
      LETTER_M(405)
      LETTER_O(406)
      
      LETTER_E(412)
      LETTER_F(413)
      LETTER_G(414)
      LETTER_H(415)
      LETTER_I(416)
      LETTER_J(417)
      LETTER_K(418)
      LETTER_L(419)
      LETTER_N(420)
      LETTER_P(421)
      LETTER_Q(422)
      LETTER_R(423)
      LETTER_S(424)
      LETTER_U(425)
      LETTER_V(426)
      LETTER_W(427)
      LETTER_X(428)
      LETTER_Y(429)    
      LETTER_Z(430) 