mus = [     0.08000000000000000167	      0.05458795283455540603	      0.00000000000000000000	      0.00000000000000000000	      0.00000000000000000000	      0.00000000000000000000	      0.05794902572826544918	      0.00000000000000000000	      0.02000000000000000042	      0.00000000000000000000	      0.02000000000000000042	      0.00000000000000000000	      0.00000000000000000000	      0.00000000000000000000	      0.00000000000000000000	      0.02000000000000000042	      0.50000000000000000000	      0.50000000000000000000	      0.00000000000000000000	      0.00000000000000000000	      0.02000000000000000042	      0.02000000000000000042	      0.00000000000000000000	      0.02000000000000000042	      0.00000000000000000000	      0.00000000000000000000	      0.07900986417665795125	      0.09135237810526118662	      0.02000000000000000042	      0.02000000000000000042	      0.00000000000000000000	      0.07001642862708382098	      0.00000000000000000000	      0.00000000000000000000	      0.00000000000000000000	      0.00000000000000000000	      0.00000000000000000000	      0.00000000000000000000	      0.00000000000000000000	      0.00000000000000000000	      0.00000000000000000000	      0.00000000000000000000	      0.00000000000000000000	      0.00000000000000000000	      0.00000000000000000000	      0.00000000000000000000	      0.00000000000000000000	      0.00000000000000000000	      0.00000000000000000000	      0.00000000000000000000	      0.00000000000000000000
      0.08170539809552278265	      0.02000000000000000042	      0.00000000000000000000	      0.00000000000000000000	      0.00000000000000000000	      0.00000000000000000000	      0.02000000000000000042	      0.00000000000000000000	      0.02000000000000000042	      0.00000000000000000000	      0.02000000000000000042	      0.00000000000000000000	      0.00000000000000000000	      0.00000000000000000000	      0.00000000000000000000	      0.02000000000000000042	      0.48565673633587647107	      0.14154436173103449037	      0.00000000000000000000	      0.00000000000000000000	      0.02000000000000000042	      0.50000000000000000000	      0.00000000000000000000	      0.02000000000000000042	      0.00000000000000000000	      0.00000000000000000000	      0.46443304418025399549	      0.42942416059112642479	      0.36442371003582896272	      0.02000000000000000042	      0.00000000000000000000	      0.50000000000000000000	      0.00000000000000000000	      0.00000000000000000000	      0.00000000000000000000	      0.00000000000000000000	      0.00000000000000000000	      0.00000000000000000000	      0.00000000000000000000	      0.00000000000000000000	      0.00000000000000000000	      0.00000000000000000000	      0.00000000000000000000	      0.00000000000000000000	      0.00000000000000000000	      0.00000000000000000000	      0.00000000000000000000	      0.00000000000000000000	      0.00000000000000000000	      0.00000000000000000000	      0.00000000000000000000
      0.08341079619104556364	      0.02000000000000000042	      0.00000000000000000000	      0.00000000000000000000	      0.00000000000000000000	      0.00000000000000000000	      0.02000000000000000042	      0.00000000000000000000	      0.02000000000000000042	      0.00000000000000000000	      0.02000000000000000042	      0.00000000000000000000	      0.00000000000000000000	      0.00000000000000000000	      0.00000000000000000000	      0.02000000000000000042	      0.48565673633587647107	      0.14154436173103449037	      0.00000000000000000000	      0.00000000000000000000	      0.02000000000000000042	      0.50000000000000000000	      0.00000000000000000000	      0.02000000000000000042	      0.00000000000000000000	      0.00000000000000000000	      0.46443304418025399549	      0.42942416059112642479	      0.36442371003582896272	      0.02000000000000000042	      0.00000000000000000000	      0.50000000000000000000	      0.00000000000000000000	      0.00000000000000000000	      0.00000000000000000000	      0.00000000000000000000	      0.00000000000000000000	      0.00000000000000000000	      0.00000000000000000000	      0.00000000000000000000	      0.00000000000000000000	      0.00000000000000000000	      0.00000000000000000000	      0.00000000000000000000	      0.00000000000000000000	      0.00000000000000000000	      0.00000000000000000000	      0.00000000000000000000	      0.00000000000000000000	      0.00000000000000000000	      0.00000000000000000000
      0.08375627321194967223	      0.02000000000000000042	      0.00000000000000000000	      0.00000000000000000000	      0.00000000000000000000	      0.00000000000000000000	      0.02000000000000000042	      0.00000000000000000000	      0.02000000000000000042	      0.00000000000000000000	      0.02000000000000000042	      0.00000000000000000000	      0.00000000000000000000	      0.00000000000000000000	      0.00000000000000000000	      0.02000000000000000042	      0.48565673633587647107	      0.14154436173103449037	      0.00000000000000000000	      0.00000000000000000000	      0.02000000000000000042	      0.50000000000000000000	      0.00000000000000000000	      0.02000000000000000042	      0.00000000000000000000	      0.00000000000000000000	      0.46443304418025399549	      0.42942416059112642479	      0.36442371003582896272	      0.02000000000000000042	      0.00000000000000000000	      0.50000000000000000000	      0.00000000000000000000	      0.00000000000000000000	      0.00000000000000000000	      0.00000000000000000000	      0.00000000000000000000	      0.00000000000000000000	      0.00000000000000000000	      0.00000000000000000000	      0.00000000000000000000	      0.00000000000000000000	      0.00000000000000000000	      0.00000000000000000000	      0.00000000000000000000	      0.00000000000000000000	      0.00000000000000000000	      0.00000000000000000000	      0.00000000000000000000	      0.00000000000000000000	      0.00000000000000000000
      0.08410175023285378082	      0.02000000000000000042	      0.00000000000000000000	      0.00000000000000000000	      0.00000000000000000000	      0.00000000000000000000	      0.02000000000000000042	      0.00000000000000000000	      0.02000000000000000042	      0.00000000000000000000	      0.02000000000000000042	      0.00000000000000000000	      0.00000000000000000000	      0.00000000000000000000	      0.00000000000000000000	      0.02000000000000000042	      0.48565673633587647107	      0.14154436173103449037	      0.00000000000000000000	      0.00000000000000000000	      0.02000000000000000042	      0.50000000000000000000	      0.00000000000000000000	      0.02000000000000000042	      0.00000000000000000000	      0.00000000000000000000	      0.46443304418025399549	      0.42942416059112642479	      0.36442371003582896272	      0.02000000000000000042	      0.00000000000000000000	      0.50000000000000000000	      0.00000000000000000000	      0.00000000000000000000	      0.00000000000000000000	      0.00000000000000000000	      0.00000000000000000000	      0.00000000000000000000	      0.00000000000000000000	      0.00000000000000000000	      0.00000000000000000000	      0.00000000000000000000	      0.00000000000000000000	      0.00000000000000000000	      0.00000000000000000000	      0.00000000000000000000	      0.00000000000000000000	      0.00000000000000000000	      0.00000000000000000000	      0.00000000000000000000	      0.00000000000000000000
