sArr = [0 0 1 40 1 0 1 1 0 1 0;
    1000 2000 1 40 1 0 1 1 0 1 0];